# Created by Octave 3.2.4, Thu Oct 25 22:54:03 2012 CEST <marian@2012>
# name: seg1
# type: matrix
# rows: 1
# columns: 2001
 -0.2779548472775564 -0.2571049136786189 -0.2382027445772466 -0.2166445329791944 -0.2022133687472333 -0.200531208499336 -0.2074369189907039 -0.2098273572377158 -0.2070827799911465 -0.2052678176184153 -0.1973882248782647 -0.1890659583886675 -0.1897742363877822 -0.181850376272687 -0.1706507304116866 -0.1648074369189907 -0.1550686144311642 -0.1550243470562196 -0.1571491810535635 -0.1637892872952634 -0.1613103142983621 -0.1548472775564409 -0.1435148295706065 -0.1314741035856574 -0.1285967242142541 -0.1273129703408588 -0.1151394422310757 -0.09623727312970341 -0.07034085878707394 -0.04603806994245242 -0.02872952633908809 -0.00566622399291722 0.03315626383355467 0.07140327578574591 0.1027445772465693 0.1298804780876494 0.1513501549358123 0.1627268702965914 0.1676405489154493 0.1791057990261178 0.1807436918990704 0.1803452855245684 0.1752102700309872 0.1611775121735281 0.1616201859229748 0.1628154050464808 0.1673749446657813 0.1618857901726428 0.1437804338202745 0.1185922974767596 0.09026117751217354 0.06432049579459939 0.04099158919876052 0.0004869411243913236 -0.03789287295263391 -0.07755644090305445 -0.1175298804780877 -0.1582115980522355 -0.1989818503762727 -0.2312084993359894 -0.2611775121735281 -0.2773351040283312 -0.2867640548915449 -0.2980522355024347 -0.3037627268702966 -0.3155378486055777 -0.3324037184594954 -0.3480743691899071 -0.3590084108012395 -0.3650730411686587 -0.3649402390438247 -0.3553784860557769 -0.3434705621956618 -0.3368304559539619 -0.3204515272244356 -0.2935812306330235 -0.2787516600265604 -0.2522797698096503 -0.2253209384683488 -0.1971668880035414 -0.1712704736609119 -0.148207171314741 -0.1286409915891988 -0.1097388224878265 -0.08167330677290838 -0.0520141655599823 -0.0249667994687915 0.0116423196104471 0.04577246569278442 0.07804338202744578 0.1045152722443559 0.1316511730854361 0.1472775564409031 0.1609119079238601 0.1742806551571492 0.1873395307658256 0.2033643204957946 0.2243470562195662 0.2339530765825587 0.2471447543160691 0.249535192563081 0.2453297919433378 0.2367419212040726 0.2276228419654715 0.219079238601151 0.2203629924745463 0.2272244355909695 0.2198760513501549 0.219610447100487 0.2087206728640991 0.1922089420097388 0.1723328906595839 0.1570163789287295 0.1294378043382028 0.102257636122178 0.08919876051350156 0.06370075254537406 0.05068614431164233 0.04776449756529438 0.02810978308986278 -0.006330234617087207 -0.01456396635679504 -0.02399291722000886 -0.04262948207171315 -0.04214254094732182 -0.05320938468348827 -0.08446215139442233 -0.1060646303674192 -0.1057104913678619 -0.1150509074811864 -0.1127490039840637 -0.116157591854803 -0.1441345728198318 -0.1673749446657813 -0.1787959274015051 -0.1975652943780434 -0.2243470562195662 -0.2564851704293936 -0.3007525453740593 -0.3431606905710491 -0.3436476316954405 -0.3278441788401948 -0.3028773793714033 -0.2621071270473661 -0.2416998671978752 -0.2444887118193891 -0.2357680389552899 -0.2265161575918548 -0.2243027888446215 -0.2183266932270916 -0.2061088977423639 -0.1810092961487384 -0.1248339973439575 -0.04780876494023905 0.0216024789729969 0.09796370075254537 0.1688800354139 0.2228862328463922 0.2772023019034972 0.3263833554670208 0.3584329349269589 0.3740150509074812 0.3776892430278885 0.3766710934041612 0.3911465250110669 0.4232846392208942 0.4555998229305003 0.4795927401505091 0.5091633466135459 0.5283753873395308 0.5305002213368748 0.5142983621071271 0.4786188579017265 0.4220008853474989 0.3522355024347056 0.2866755201416556 0.2262948207171315 0.1735723771580345 0.1240814519698982 0.08517042939353697 0.04342629482071713 -4.426737494466578e-05 -0.04316069057104914 -0.08716246126604693 -0.1369189907038513 -0.1983621071270474 -0.2554227534307216 -0.3058432934926959 -0.3438689685701638 -0.3773793714032758 -0.4046923417441346 -0.4204515272244356 -0.4146967684816291 -0.4013722886232847 -0.3754316069057105 -0.3494909251881364 -0.3298362107127047 -0.3087649402390438 -0.282514386896857 -0.2530323151837097 -0.1991589198760514 -0.149269588313413 -0.0939353696325808 -0.04400177069499779 0.01257193448428508 0.08065515714918106 0.1411686586985392 0.1864099158919876 0.220407259849491 0.2418326693227092 0.2800796812749004 0.3330677290836654 0.3837538733953076 0.43576803895529 0.4851261620185923 0.5254980079681275 0.552589641434263 0.5727312970340859 0.5626383355467022 0.5406374501992033 0.503851261620186 0.467950420540062 0.435900841080124 0.4097830898627712 0.3949535192563081 0.3741478530323152 0.3590526781761841 0.3355467020805666 0.3058432934926959 0.2806108897742364 0.2401505090748119 0.1765825586542718 0.1181053563523683 0.04661354581673308 -0.02359451084550686 -0.07445772465692785 -0.1099601593625498 -0.1385568835768039 -0.1559982293050022 -0.1556440903054449 -0.1607348384240815 -0.1718016821602479 -0.184108012394865 -0.2092518813634352 -0.2429836210712705 -0.2667109340416113 -0.2921204072598495 -0.3165117308543604 -0.3254537405931829 -0.3194333776007083 -0.3037184594953519 -0.2915449313855689 -0.2653386454183267 -0.2437804338202745 -0.2272687029659141 -0.2054006197432492 -0.1859229747675963 -0.1749889331562638 -0.1744577246569279 -0.1794156706507304 -0.2031429836210713 -0.2160690571049137 -0.2113767153607791 -0.2111111111111111 -0.2094289508632138 -0.202124833997344 -0.1957060646303674 -0.1758300132802125 -0.150464807436919 -0.1384240814519699 -0.1411686586985392 -0.1509517485613103 -0.1594068171757415 -0.1649402390438247 -0.1525453740593183 -0.1249225320938468 -0.1084550686144312 -0.1011066843736167 -0.0922532093846835 -0.0942009738822488 -0.07268702965914121 -0.04329349269588314 -0.01899070385126162 0.00787959274015051 0.02766710934041611 0.05108455068614431 0.07543160690571049 0.1119079238601151 0.1381142098273573 0.1395307658255865 0.1558654271801682 0.1683930942895087 0.1690571049136786 0.1762284196547145 0.182647189021691 0.183709606020363 0.1808764940239044 0.1707835325365206 0.164763169544046 0.1630810092961487 0.1646746347941567 0.1529437804338203 0.1312527667109341 0.09969012837538735 0.07255422753430722 0.04121292607348385 0.001814962372731297 -0.0367419212040726 -0.0821602478972997 -0.1142098273572377 -0.1447543160690571 -0.1778663125276671 -0.2050464807436919 -0.2343514829570607 -0.2565737051792829 -0.2764940239043825 -0.2840194776449757 -0.2881363435148296 -0.2972996901283754 -0.3172642762284197 -0.3373173970783533 -0.352722443559097 -0.3626383355467021 -0.3665781319167773 -0.368747233289066 -0.3547144754316069 -0.3204515272244356 -0.2840637450199204 -0.2472775564409031 -0.2217352810978309 -0.2158034528552457 -0.2045595396193006 -0.1845506861443116 -0.1779991146525011 -0.1593625498007968 -0.1412571934484285 -0.1216467463479416 -0.09039397963700753 -0.0517485613103143 -0.002434705621956618 0.04280655157149182 0.07746790615316512 0.1040283311199646 0.1183266932270916 0.1378928729526339 0.1559982293050022 0.1789729969012838 0.1997786631252767 0.2112881806108898 0.2258964143426295 0.2413014608233732 0.2599822930500222 0.2763612217795485 0.2798583444001771 0.2806994245241257 0.2725542275343072 0.2714475431606906 0.265028773793714 0.2658698539176627 0.2615316511730855 0.2520141655599823 0.2393094289508632 0.2299247454625941 0.2138999557326251 0.2009738822487827 0.1733067729083665 0.1396193005754759 0.1131474103585658 0.09114652501106686 0.07662682602921647 0.07397078353253653 0.06463036741921205 0.04223107569721116 0.0349269588313413 0.01447543160690571 -0.003320053120849934 -0.0216024789729969 -0.04364763169544047 -0.07007525453740594 -0.08123063302346172 -0.08804780876494026 -0.09619300575475875 -0.1000442673749447 -0.1202301903497123 -0.149136786188579 -0.1816290393979637 -0.2153165117308544 -0.2589198760513502 -0.2881806108897743 -0.2973882248782647 -0.3236830455953962 -0.3532979194333776 -0.3681274900398407 -0.3664010624169987 -0.3516157591854803 -0.3071713147410359 -0.2692341744134573 -0.2629924745462595 -0.2649402390438247 